Cluster Channel  Gain   K_adc   1pe,code  Rel_sens
1    4    0.000    0.000    24.118    1.136
1    5    0.000    0.000    3.310    1.136
1    6    0.000    0.000    25.686    1.013
1    7    0.000    0.000    2.723    1.013
1    8    0.000    0.000    24.342    1.017
1    9    0.000    0.000    2.647    1.017
1    10    0.000    0.000    25.619    1.075
1    11    0.000    0.000    2.513    1.075
1    12    0.000    0.000    21.035    1.179
1    13    0.000    0.000    2.915    1.179
1    14    0.000    0.000    23.822    1.133
1    15    0.000    0.000    2.625    1.133
1    16    0.000    0.000    19.661    1.301
1    17    0.000    0.000    3.060    1.301
1    18    0.000    0.000    22.317    1.260
1    19    0.000    0.000    3.419    1.260
1    20    0.000    0.000    24.402    0.952
1    21    0.000    0.000    1.982    0.952
1    22    0.000    0.000    25.086    1.081
1    23    0.000    0.000    2.927    1.081
1    24    0.000    0.000    25.135    1.036
1    25    0.000    0.000    2.861    1.036
1    26    0.000    0.000    28.834    0.884
1    27    0.000    0.000    3.330    0.884
1    28    0.000    0.000    24.148    1.088
1    29    0.000    0.000    2.316    1.088
1    30    0.000    0.000    24.065    1.153
1    31    0.000    0.000    2.584    1.153
1    32    0.000    0.000    29.128    0.933
1    33    0.000    0.000    2.366    0.933
1    34    0.000    0.000    25.195    1.161
1    35    0.000    0.000    2.355    1.161
1    36    0.000    0.000    26.337    1.103
1    37    0.000    0.000    2.818    1.103
1    38    0.000    0.000    27.059    1.120
1    39    0.000    0.000    2.362    1.120
1    40    0.000    0.000    25.584    1.148
1    41    0.000    0.000    2.007    1.148
1    42    0.000    0.000    25.661    1.073
1    43    0.000    0.000    2.314    1.073
1    44    0.000    0.000    24.547    1.192
1    45    0.000    0.000    2.230    1.192
1    46    0.000    0.000    26.106    1.114
1    47    0.000    0.000    2.758    1.114
1    48    0.000    0.000    25.876    1.064
1    49    0.000    0.000    2.627    1.064
1    50    0.000    0.000    24.093    1.217
1    51    0.000    0.000    2.343    1.217
1    52    0.000    0.000    29.069    0.997
1    53    0.000    0.000    2.423    0.997
1    54    0.000    0.000    24.316    1.179
1    55    0.000    0.000    2.594    1.179
1    56    0.000    0.000    22.025    1.216
1    57    0.000    0.000    2.516    1.216
1    58    0.000    0.000    24.760    1.150
1    59    0.000    0.000    2.411    1.150
2    4    0.000    0.000    26.104    1.157
2    5    0.000    0.000    2.532    1.157
2    6    0.000    0.000    28.605    1.063
2    7    0.000    0.000    2.319    1.063
2    8    0.000    0.000    24.778    1.198
2    9    0.000    0.000    2.570    1.198
2    10    0.000    0.000    26.946    1.069
2    11    0.000    0.000    2.780    1.069
2    12    0.000    0.000    24.484    1.180
2    13    0.000    0.000    2.259    1.180
2    14    0.000    0.000    28.909    1.085
2    15    0.000    0.000    2.737    1.085
2    16    0.000    0.000    23.410    1.184
2    17    0.000    0.000    2.296    1.184
2    18    0.000    0.000    24.446    1.227
2    19    0.000    0.000    2.882    1.227
2    20    0.000    0.000    24.072    1.048
2    21    0.000    0.000    2.760    1.048
2    22    0.000    0.000    28.565    0.979
2    23    0.000    0.000    2.478    0.979
2    24    0.000    0.000    24.041    1.216
2    25    0.000    0.000    2.593    1.216
2    26    0.000    0.000    22.739    1.117
2    27    0.000    0.000    3.006    1.117
2    28    0.000    0.000    28.141    1.086
2    29    0.000    0.000    2.849    1.086
2    30    0.000    0.000    27.966    1.040
2    31    0.000    0.000    2.990    1.040
2    32    0.000    0.000    28.935    1.017
2    33    0.000    0.000    3.272    1.017
2    34    0.000    0.000    22.977    1.296
2    35    0.000    0.000    3.085    1.296
2    36    0.000    0.000    24.837    1.209
2    37    0.000    0.000    3.360    1.209
2    38    0.000    0.000    27.668    1.052
2    39    0.000    0.000    2.632    1.052
2    40    0.000    0.000    26.122    1.060
2    41    0.000    0.000    2.783    1.060
2    42    0.000    0.000    31.212    0.938
2    43    0.000    0.000    3.222    0.938
2    44    0.000    0.000    27.034    1.093
2    45    0.000    0.000    2.625    1.093
2    46    0.000    0.000    24.103    1.292
2    47    0.000    0.000    2.880    1.292
2    48    0.000    0.000    30.266    1.058
2    49    0.000    0.000    2.637    1.058
2    50    0.000    0.000    25.817    1.167
2    51    0.000    0.000    2.539    1.167
2    52    0.000    0.000    24.726    1.175
2    53    0.000    0.000    2.663    1.175
2    54    0.000    0.000    32.411    0.913
2    55    0.000    0.000    2.503    0.913
2    56    0.000    0.000    25.017    1.146
2    57    0.000    0.000    2.535    1.146
2    58    0.000    0.000    26.746    1.088
2    59    0.000    0.000    2.344    1.088
3    4    0.000    0.000    22.790    0.971
3    5    0.000    0.000    3.368    0.971
3    6    0.000    0.000    27.414    1.050
3    7    0.000    0.000    2.530    1.050
3    8    0.000    0.000    24.703    1.128
3    9    0.000    0.000    1.997    1.128
3    10    0.000    0.000    25.739    1.065
3    11    0.000    0.000    2.739    1.065
3    12    0.000    0.000    25.480    1.103
3    13    0.000    0.000    2.070    1.103
3    14    0.000    0.000    20.967    1.229
3    15    0.000    0.000    2.438    1.229
3    16    0.000    0.000    22.000    1.154
3    17    0.000    0.000    2.333    1.154
3    18    0.000    0.000    23.203    1.133
3    19    0.000    0.000    3.191    1.133
3    20    0.000    0.000    22.307    1.088
3    21    0.000    0.000    3.510    1.088
3    22    0.000    0.000    29.067    0.929
3    23    0.000    0.000    2.982    0.929
3    24    0.000    0.000    22.480    1.109
3    25    0.000    0.000    3.082    1.109
3    26    0.000    0.000    27.167    1.032
3    27    0.000    0.000    2.876    1.032
3    28    0.000    0.000    26.792    0.955
3    29    0.000    0.000    3.251    0.955
3    30    0.000    0.000    24.513    1.024
3    31    0.000    0.000    2.364    1.024
3    32    0.000    0.000    20.739    1.299
3    33    0.000    0.000    2.531    1.299
3    34    0.000    0.000    25.187    1.050
3    35    0.000    0.000    2.816    1.050
3    36    0.000    0.000    23.410    1.167
3    37    0.000    0.000    2.536    1.167
3    38    0.000    0.000    26.701    0.966
3    39    0.000    0.000    2.517    0.966
3    40    0.000    0.000    27.139    1.015
3    41    0.000    0.000    2.689    1.015
3    42    0.000    0.000    27.621    0.973
3    43    0.000    0.000    2.701    0.973
3    44    0.000    0.000    21.213    1.260
3    45    0.000    0.000    3.051    1.260
3    46    0.000    0.000    25.485    1.032
3    47    0.000    0.000    2.506    1.032
3    48    0.000    0.000    22.124    1.212
3    49    0.000    0.000    1.756    1.212
3    50    0.000    0.000    25.357    1.138
3    51    0.000    0.000    2.747    1.138
3    52    0.000    0.000    34.625    0.807
3    53    0.000    0.000    2.713    0.807
3    54    0.000    0.000    31.482    0.918
3    55    0.000    0.000    3.042    0.918
3    56    0.000    0.000    26.265    1.061
3    57    0.000    0.000    2.762    1.061
3    58    0.000    0.000    25.334    1.091
3    59    0.000    0.000    2.617    1.091
4    4    0.000    0.000    32.136    0.915
4    5    0.000    0.000    3.475    0.915
4    6    0.000    0.000    28.692    1.099
4    7    0.000    0.000    3.397    1.099
4    8    0.000    0.000    28.336    1.054
4    9    0.000    0.000    3.002    1.054
4    10    0.000    0.000    28.373    1.248
4    11    0.000    0.000    2.648    1.248
4    12    0.000    0.000    25.753    1.190
4    13    0.000    0.000    3.896    1.190
4    14    0.000    0.000    26.661    1.062
4    15    0.000    0.000    2.755    1.062
4    16    0.000    0.000    24.166    1.153
4    17    0.000    0.000    3.047    1.153
4    18    0.000    0.000    27.822    1.008
4    19    0.000    0.000    2.214    1.008
4    20    0.000    0.000    24.049    1.112
4    21    0.000    0.000    3.257    1.112
4    22    0.000    0.000    22.787    1.174
4    23    0.000    0.000    2.768    1.174
4    24    0.000    0.000    36.389    0.907
4    25    0.000    0.000    3.164    0.907
4    26    0.000    0.000    27.704    0.982
4    27    0.000    0.000    2.538    0.982
4    28    0.000    0.000    28.647    1.021
4    29    0.000    0.000    2.871    1.021
4    30    0.000    0.000    23.137    1.241
4    31    0.000    0.000    2.808    1.241
4    32    0.000    0.000    29.201    1.020
4    33    0.000    0.000    2.815    1.020
4    34    0.000    0.000    31.381    0.890
4    35    0.000    0.000    3.471    0.890
4    36    0.000    0.000    23.733    1.169
4    37    0.000    0.000    2.326    1.169
4    38    0.000    0.000    30.774    0.933
4    39    0.000    0.000    3.605    0.933
4    40    0.000    0.000    25.706    1.224
4    41    0.000    0.000    2.841    1.224
4    42    0.000    0.000    26.378    1.139
4    43    0.000    0.000    3.182    1.139
4    44    0.000    0.000    26.403    1.150
4    45    0.000    0.000    2.498    1.150
4    46    0.000    0.000    30.136    1.036
4    47    0.000    0.000    2.634    1.036
4    48    0.000    0.000    26.226    1.112
4    49    0.000    0.000    2.990    1.112
4    50    0.000    0.000    29.430    0.955
4    51    0.000    0.000    2.948    0.955
4    52    0.000    0.000    21.081    1.553
4    53    0.000    0.000    1.750    1.553
4    54    0.000    0.000    30.511    1.017
4    55    0.000    0.000    2.655    1.017
4    56    0.000    0.000    28.997    1.016
4    57    0.000    0.000    2.701    1.016
4    58    0.000    0.000    29.260    1.033
4    59    0.000    0.000    3.184    1.033
5    4    0.000    0.000    24.517    1.092
5    5    0.000    0.000    2.440    1.092
5    6    0.000    0.000    27.507    0.999
5    7    0.000    0.000    3.307    0.999
5    8    0.000    0.000    25.078    1.102
5    9    0.000    0.000    2.802    1.102
5    10    0.000    0.000    25.931    1.031
5    11    0.000    0.000    3.045    1.031
5    12    0.000    0.000    26.622    1.021
5    13    0.000    0.000    2.814    1.021
5    14    0.000    0.000    25.747    1.003
5    15    0.000    0.000    3.183    1.003
5    16    0.000    0.000    24.444    0.940
5    17    0.000    0.000    3.988    0.940
5    18    0.000    0.000    24.857    1.063
5    19    0.000    0.000    2.710    1.063
5    20    0.000    0.000    25.455    1.032
5    21    0.000    0.000    2.849    1.032
5    22    0.000    0.000    28.732    0.986
5    23    0.000    0.000    2.745    0.986
5    24    0.000    0.000    26.134    0.927
5    25    0.000    0.000    2.752    0.927
5    26    0.000    0.000    27.571    0.994
5    27    0.000    0.000    3.187    0.994
5    28    0.000    0.000    25.096    1.135
5    29    0.000    0.000    2.338    1.135
5    30    0.000    0.000    29.507    0.894
5    31    0.000    0.000    2.883    0.894
5    32    0.000    0.000    23.889    1.138
5    33    0.000    0.000    2.422    1.138
5    34    0.000    0.000    22.748    1.125
5    35    0.000    0.000    3.189    1.125
5    36    0.000    0.000    29.941    0.905
5    37    0.000    0.000    3.067    0.905
5    38    0.000    0.000    27.759    1.018
5    39    0.000    0.000    2.370    1.018
5    40    0.000    0.000    29.167    0.937
5    41    0.000    0.000    2.554    0.937
5    42    0.000    0.000    26.958    1.059
5    43    0.000    0.000    2.984    1.059
5    44    0.000    0.000    27.167    1.085
5    45    0.000    0.000    2.903    1.085
5    46    0.000    0.000    25.284    1.112
5    47    0.000    0.000    2.405    1.112
5    48    0.000    0.000    24.428    1.195
5    49    0.000    0.000    2.294    1.195
5    50    0.000    0.000    23.689    1.168
5    51    0.000    0.000    3.032    1.168
5    52    0.000    0.000    25.049    1.184
5    53    0.000    0.000    3.490    1.184
5    54    0.000    0.000    24.143    1.243
5    55    0.000    0.000    2.440    1.243
5    56    0.000    0.000    23.477    1.239
5    57    0.000    0.000    2.574    1.239
5    58    0.000    0.000    24.363    1.123
5    59    0.000    0.000    2.670    1.123
6    4    0.000    0.000    25.314    1.012
6    5    0.000    0.000    1.940    1.012
6    6    0.000    0.000    23.787    1.119
6    7    0.000    0.000    2.444    1.119
6    8    0.000    0.000    21.664    1.148
6    9    0.000    0.000    2.763    1.148
6    10    0.000    0.000    23.896    1.193
6    11    0.000    0.000    3.035    1.193
6    12    0.000    0.000    23.084    1.044
6    13    0.000    0.000    2.175    1.044
6    14    0.000    0.000    29.668    0.803
6    15    0.000    0.000    3.042    0.803
6    16    0.000    0.000    18.794    1.283
6    17    0.000    0.000    3.063    1.283
6    18    0.000    0.000    23.704    1.061
6    19    0.000    0.000    2.721    1.061
6    20    0.000    0.000    17.325    1.423
6    21    0.000    0.000    2.456    1.423
6    22    0.000    0.000    21.341    1.065
6    23    0.000    0.000    2.920    1.065
6    24    0.000    0.000    23.432    1.065
6    25    0.000    0.000    2.432    1.065
6    26    0.000    0.000    24.476    1.128
6    27    0.000    0.000    2.524    1.128
6    28    0.000    0.000    27.524    0.869
6    29    0.000    0.000    3.037    0.869
6    30    0.000    0.000    21.061    1.140
6    31    0.000    0.000    2.314    1.140
6    32    0.000    0.000    27.514    0.949
6    33    0.000    0.000    3.621    0.949
6    34    0.000    0.000    26.528    1.042
6    35    0.000    0.000    2.238    1.042
6    36    0.000    0.000    28.999    0.849
6    37    0.000    0.000    2.351    0.849
6    38    0.000    0.000    28.915    0.941
6    39    0.000    0.000    2.621    0.941
6    40    0.000    0.000    32.877    0.956
6    41    0.000    0.000    2.764    0.956
6    42    0.000    0.000    27.700    1.052
6    43    0.000    0.000    2.695    1.052
6    44    0.000    0.000    22.238    1.168
6    45    0.000    0.000    2.029    1.168
6    46    0.000    0.000    24.020    1.202
6    47    0.000    0.000    2.711    1.202
6    48    0.000    0.000    26.519    1.054
6    49    0.000    0.000    2.331    1.054
6    50    0.000    0.000    30.277    0.963
6    51    0.000    0.000    2.536    0.963
6    52    0.000    0.000    25.949    1.054
6    53    0.000    0.000    3.046    1.054
6    54    0.000    0.000    24.252    1.147
6    55    0.000    0.000    2.931    1.147
6    56    0.000    0.000    26.971    1.067
6    57    0.000    0.000    2.953    1.067
6    58    0.000    0.000    31.471    0.983
6    59    0.000    0.000    3.412    0.983
7    4    0.000    0.000    27.022    1.108
7    5    0.000    0.000    2.619    1.108
7    6    0.000    0.000    33.627    0.983
7    7    0.000    0.000    3.740    0.983
7    8    0.000    0.000    25.056    1.175
7    9    0.000    0.000    1.946    1.175
7    10    0.000    0.000    28.190    1.043
7    11    0.000    0.000    3.849    1.043
7    12    0.000    0.000    27.225    1.146
7    13    0.000    0.000    3.406    1.146
7    14    0.000    0.000    33.750    0.876
7    15    0.000    0.000    3.274    0.876
7    16    0.000    0.000    25.866    1.178
7    17    0.000    0.000    2.616    1.178
7    18    0.000    0.000    28.101    1.062
7    19    0.000    0.000    2.991    1.062
7    20    0.000    0.000    27.601    1.108
7    21    0.000    0.000    3.068    1.108
7    22    0.000    0.000    31.108    0.984
7    23    0.000    0.000    4.192    0.984
7    24    0.000    0.000    27.497    1.082
7    25    0.000    0.000    3.620    1.082
7    26    0.000    0.000    28.115    1.089
7    27    0.000    0.000    3.502    1.089
7    28    0.000    0.000    28.838    0.993
7    29    0.000    0.000    2.800    0.993
7    30    0.000    0.000    29.317    0.978
7    31    0.000    0.000    2.898    0.978
7    32    0.000    0.000    41.126    0.730
7    33    0.000    0.000    4.517    0.730
7    34    0.000    0.000    30.331    1.008
7    35    0.000    0.000    3.383    1.008
7    36    0.000    0.000    33.334    0.920
7    37    0.000    0.000    3.383    0.920
7    38    0.000    0.000    26.079    1.135
7    39    0.000    0.000    2.501    1.135
7    40    0.000    0.000    29.101    0.964
7    41    0.000    0.000    3.233    0.964
7    42    0.000    0.000    28.171    1.055
7    43    0.000    0.000    2.731    1.055
7    44    0.000    0.000    29.330    1.068
7    45    0.000    0.000    3.422    1.068
7    46    0.000    0.000    29.798    1.037
7    47    0.000    0.000    3.387    1.037
7    48    0.000    0.000    26.217    1.141
7    49    0.000    0.000    2.975    1.141
7    50    0.000    0.000    31.228    0.929
7    51    0.000    0.000    3.487    0.929
7    52    0.000    0.000    25.965    1.254
7    53    0.000    0.000    4.309    1.254
7    54    0.000    0.000    28.495    1.078
7    55    0.000    0.000    3.488    1.078
7    56    0.000    0.000    30.644    0.959
7    57    0.000    0.000    2.812    0.959
7    58    0.000    0.000    30.889    1.004
7    59    0.000    0.000    3.208    1.004
8    4    0.000    0.000    32.846    0.964
8    5    0.000    0.000    3.429    0.964
8    6    0.000    0.000    32.650    1.033
8    7    0.000    0.000    2.231    1.033
8    8    0.000    0.000    30.651    1.029
8    9    0.000    0.000    3.000    1.029
8    10    0.000    0.000    30.630    1.115
8    11    0.000    0.000    3.489    1.115
8    12    0.000    0.000    30.692    1.011
8    13    0.000    0.000    3.498    1.011
8    14    0.000    0.000    27.414    1.103
8    15    0.000    0.000    2.263    1.103
8    16    0.000    0.000    33.530    0.902
8    17    0.000    0.000    3.988    0.902
8    18    0.000    0.000    29.746    1.226
8    19    0.000    0.000    3.623    1.226
8    20    0.000    0.000    28.153    1.078
8    21    0.000    0.000    3.488    1.078
8    22    0.000    0.000    32.383    0.994
8    23    0.000    0.000    3.009    0.994
8    24    0.000    0.000    27.360    1.125
8    25    0.000    0.000    2.997    1.125
8    26    0.000    0.000    32.934    0.885
8    27    0.000    0.000    2.853    0.885
8    28    0.000    0.000    28.206    1.062
8    29    0.000    0.000    2.857    1.062
8    30    0.000    0.000    30.182    1.079
8    31    0.000    0.000    2.561    1.079
8    32    0.000    0.000    30.269    1.076
8    33    0.000    0.000    2.175    1.076
8    34    0.000    0.000    25.727    1.181
8    35    0.000    0.000    2.325    1.181
8    36    0.000    0.000    38.196    0.808
8    37    0.000    0.000    3.858    0.808
8    38    0.000    0.000    29.874    1.026
8    39    0.000    0.000    2.616    1.026
8    40    0.000    0.000    32.156    1.019
8    41    0.000    0.000    3.480    1.019
8    42    0.000    0.000    32.110    0.976
8    43    0.000    0.000    3.182    0.976
8    44    0.000    0.000    31.769    0.958
8    45    0.000    0.000    2.786    0.958
8    46    0.000    0.000    31.464    1.045
8    47    0.000    0.000    2.919    1.045
8    48    0.000    0.000    26.337    1.174
8    49    0.000    0.000    2.492    1.174
8    50    0.000    0.000    27.926    1.181
8    51    0.000    0.000    2.981    1.181
8    52    0.000    0.000    33.173    1.003
8    53    0.000    0.000    2.489    1.003
8    54    0.000    0.000    32.409    0.979
8    55    0.000    0.000    2.075    0.979
8    56    0.000    0.000    30.227    1.027
8    57    0.000    0.000    2.870    1.027
8    58    0.000    0.000    39.159    0.834
8    59    0.000    0.000    2.501    0.834
9    4    0.000    0.000    36.329    0.845
9    5    0.000    0.000    3.967    0.845
9    6    0.000    0.000    38.186    0.802
9    7    0.000    0.000    3.570    0.802
9    8    0.000    0.000    29.328    1.068
9    9    0.000    0.000    3.247    1.068
9    10    0.000    0.000    32.668    0.997
9    11    0.000    0.000    2.326    0.997
9    12    0.000    0.000    30.514    1.039
9    13    0.000    0.000    3.259    1.039
9    14    0.000    0.000    32.650    0.948
9    15    0.000    0.000    3.567    0.948
9    16    0.000    0.000    27.492    1.141
9    17    0.000    0.000    3.510    1.141
9    18    0.000    0.000    31.764    0.904
9    19    0.000    0.000    3.307    0.904
9    20    0.000    0.000    34.068    0.890
9    21    0.000    0.000    3.991    0.890
9    22    0.000    0.000    26.856    1.086
9    23    0.000    0.000    3.633    1.086
9    24    0.000    0.000    30.627    0.986
9    25    0.000    0.000    3.743    0.986
9    26    0.000    0.000    30.736    0.973
9    27    0.000    0.000    3.415    0.973
9    28    0.000    0.000    26.893    1.056
9    29    0.000    0.000    3.340    1.056
9    30    0.000    0.000    26.598    1.071
9    31    0.000    0.000    3.351    1.071
9    32    0.000    0.000    33.387    0.911
9    33    0.000    0.000    3.537    0.911
9    34    0.000    0.000    28.425    1.119
9    35    0.000    0.000    2.813    1.119
9    36    0.000    0.000    33.567    0.954
9    37    0.000    0.000    3.718    0.954
9    38    0.000    0.000    34.629    0.890
9    39    0.000    0.000    3.382    0.890
9    40    0.000    0.000    35.090    0.894
9    41    0.000    0.000    3.341    0.894
9    42    0.000    0.000    30.036    0.995
9    43    0.000    0.000    2.734    0.995
9    44    0.000    0.000    30.943    1.141
9    45    0.000    0.000    2.687    1.141
9    46    0.000    0.000    28.437    1.162
9    47    0.000    0.000    3.140    1.162
9    48    0.000    0.000    31.566    0.982
9    49    0.000    0.000    2.798    0.982
9    50    0.000    0.000    29.154    1.073
9    51    0.000    0.000    2.799    1.073
9    52    0.000    0.000    30.234    0.971
9    53    0.000    0.000    3.372    0.971
9    54    0.000    0.000    34.931    0.948
9    55    0.000    0.000    3.485    0.948
9    56    0.000    0.000    34.242    0.903
9    57    0.000    0.000    3.079    0.903
9    58    0.000    0.000    31.304    1.003
9    59    0.000    0.000    4.030    1.003
10    4    0.000    0.000    30.635    0.935
10    5    0.000    0.000    3.924    0.935
10    6    0.000    0.000    31.220    0.957
10    7    0.000    0.000    1.950    0.957
10    8    0.000    0.000    39.126    0.743
10    9    0.000    0.000    3.447    0.743
10    10    0.000    0.000    29.793    1.038
10    11    0.000    0.000    3.517    1.038
10    12    0.000    0.000    26.951    0.987
10    13    0.000    0.000    3.091    0.987
10    14    0.000    0.000    31.867    0.964
10    15    0.000    0.000    3.292    0.964
10    16    0.000    0.000    30.417    0.874
10    17    0.000    0.000    2.712    0.874
10    18    0.000    0.000    25.131    1.211
10    19    0.000    0.000    2.656    1.211
10    20    0.000    0.000    34.704    0.863
10    21    0.000    0.000    3.264    0.863
10    22    0.000    0.000    37.661    0.716
10    23    0.000    0.000    3.355    0.716
10    24    0.000    0.000    26.392    1.130
10    25    0.000    0.000    3.245    1.130
10    26    0.000    0.000    28.308    1.069
10    27    0.000    0.000    2.952    1.069
10    28    0.000    0.000    34.687    0.897
10    29    0.000    0.000    2.964    0.897
10    30    0.000    0.000    31.464    1.013
10    31    0.000    0.000    2.331    1.013
10    32    0.000    0.000    39.076    0.770
10    33    0.000    0.000    4.069    0.770
10    34    0.000    0.000    29.687    0.993
10    35    0.000    0.000    2.731    0.993
10    36    0.000    0.000    39.737    0.790
10    37    0.000    0.000    3.946    0.790
10    38    0.000    0.000    30.920    0.995
10    39    0.000    0.000    2.398    0.995
10    40    0.000    0.000    30.630    1.099
10    41    0.000    0.000    3.127    1.099
10    42    0.000    0.000    30.495    0.982
10    43    0.000    0.000    3.415    0.982
10    44    0.000    0.000    54.133    0.570
10    45    0.000    0.000    3.306    0.570
10    46    0.000    0.000    31.290    0.982
10    47    0.000    0.000    3.486    0.982
10    48    0.000    0.000    25.741    1.194
10    49    0.000    0.000    2.703    1.194
10    50    0.000    0.000    36.427    0.858
10    51    0.000    0.000    2.419    0.858
10    52    0.000    0.000    41.582    0.713
10    53    0.000    0.000    4.359    0.713
10    54    0.000    0.000    27.644    1.206
10    55    0.000    0.000    2.367    1.206
10    56    0.000    0.000    36.770    0.919
10    57    0.000    0.000    3.168    0.919
10    58    0.000    0.000    31.096    1.012
10    59    0.000    0.000    3.235    1.012
11    4    0.000    0.000    26.124    1.166
11    5    0.000    0.000    3.239    1.166
11    6    0.000    0.000    28.237    0.916
11    7    0.000    0.000    3.091    0.916
11    8    0.000    0.000    20.652    1.090
11    9    0.000    0.000    2.379    1.090
11    10    0.000    0.000    25.233    1.196
11    11    0.000    0.000    2.595    1.196
11    12    0.000    0.000    20.687    0.833
11    13    0.000    0.000    1.796    0.833
11    14    0.000    0.000    26.051    0.882
11    15    0.000    0.000    3.341    0.882
11    16    0.000    0.000    21.621    1.100
11    17    0.000    0.000    2.364    1.100
11    18    0.000    0.000    25.261    0.882
11    19    0.000    0.000    2.622    0.882
11    20    0.000    0.000    23.508    1.063
11    21    0.000    0.000    2.399    1.063
11    22    0.000    0.000    29.775    1.217
11    23    0.000    0.000    3.398    1.217
11    24    0.000    0.000    20.970    0.990
11    25    0.000    0.000    2.103    0.990
11    26    0.000    0.000    26.963    1.126
11    27    0.000    0.000    3.406    1.126
11    28    0.000    0.000    22.327    1.083
11    29    0.000    0.000    2.360    1.083
11    30    0.000    0.000    28.623    1.188
11    31    0.000    0.000    2.667    1.188
11    32    0.000    0.000    16.290    1.061
11    33    0.000    0.000    2.080    1.061
11    34    0.000    0.000    28.298    0.824
11    35    0.000    0.000    2.914    0.824
11    36    0.000    0.000    28.111    1.217
11    37    0.000    0.000    2.184    1.217
11    38    0.000    0.000    21.075    1.151
11    39    0.000    0.000    1.954    1.151
11    40    0.000    0.000    24.546    0.856
11    41    0.000    0.000    2.373    0.856
11    42    0.000    0.000    24.765    1.042
11    43    0.000    0.000    2.701    1.042
11    44    0.000    0.000    22.923    0.983
11    45    0.000    0.000    2.381    0.983
11    46    0.000    0.000    33.206    0.925
11    47    0.000    0.000    4.021    0.925
11    48    0.000    0.000    28.098    0.955
11    49    0.000    0.000    2.688    0.955
11    50    0.000    0.000    22.709    1.095
11    51    0.000    0.000    2.063    1.095
11    52    0.000    0.000    32.031    0.961
11    53    0.000    0.000    3.189    0.961
11    54    0.000    0.000    22.438    1.221
11    55    0.000    0.000    2.194    1.221
11    56    0.000    0.000    27.018    1.152
11    57    0.000    0.000    2.673    1.152
11    58    0.000    0.000    31.687    0.718
11    59    0.000    0.000    3.323    0.718
12    4    0.000    0.000    52.934    0.508
12    5    0.000    0.000    6.144    0.508
12    6    0.000    0.000    29.911    1.084
12    7    0.000    0.000    3.120    1.084
12    8    0.000    0.000    28.256    1.015
12    9    0.000    0.000    3.588    1.015
12    10    0.000    0.000    27.169    1.003
12    11    0.000    0.000    2.630    1.003
12    12    0.000    0.000    36.897    0.768
12    13    0.000    0.000    3.291    0.768
12    14    0.000    0.000    27.662    0.997
12    15    0.000    0.000    3.611    0.997
12    16    0.000    0.000    31.336    0.932
12    17    0.000    0.000    3.604    0.932
12    18    0.000    0.000    29.243    0.979
12    19    0.000    0.000    2.666    0.979
12    20    0.000    0.000    29.971    0.887
12    21    0.000    0.000    3.412    0.887
12    22    0.000    0.000    25.445    1.056
12    23    0.000    0.000    2.904    1.056
12    24    0.000    0.000    28.459    1.039
12    25    0.000    0.000    3.856    1.039
12    26    0.000    0.000    29.464    0.940
12    27    0.000    0.000    3.230    0.940
12    28    0.000    0.000    28.709    0.994
12    29    0.000    0.000    3.256    0.994
12    30    0.000    0.000    24.220    1.175
12    31    0.000    0.000    2.275    1.175
12    32    0.000    0.000    38.973    0.731
12    33    0.000    0.000    3.550    0.731
12    34    0.000    0.000    33.201    0.883
12    35    0.000    0.000    2.983    0.883
12    36    0.000    0.000    26.433    1.195
12    37    0.000    0.000    2.439    1.195
12    38    0.000    0.000    31.774    0.856
12    39    0.000    0.000    3.096    0.856
12    40    0.000    0.000    30.569    0.918
12    41    0.000    0.000    2.240    0.918
12    42    0.000    0.000    30.453    0.953
12    43    0.000    0.000    3.114    0.953
12    44    0.000    0.000    26.655    1.162
12    45    0.000    0.000    2.527    1.162
12    46    0.000    0.000    28.215    1.057
12    47    0.000    0.000    3.578    1.057
12    48    0.000    0.000    27.584    1.089
12    49    0.000    0.000    2.270    1.089
12    50    0.000    0.000    35.379    0.855
12    51    0.000    0.000    4.106    0.855
12    52    0.000    0.000    39.041    0.754
12    53    0.000    0.000    3.010    0.754
12    54    0.000    0.000    27.767    1.017
12    55    0.000    0.000    2.216    1.017
12    56    0.000    0.000    28.526    1.022
12    57    0.000    0.000    2.818    1.022
12    58    0.000    0.000    30.256    0.913
12    59    0.000    0.000    3.169    0.913
13    4    0.000    0.000    27.221    0.875
13    5    0.000    0.000    2.354    0.875
13    6    0.000    0.000    27.618    0.954
13    7    0.000    0.000    3.099    0.954
13    8    0.000    0.000    30.454    0.830
13    9    0.000    0.000    3.376    0.830
13    10    0.000    0.000    25.677    1.040
13    11    0.000    0.000    3.064    1.040
13    12    0.000    0.000    23.713    1.124
13    13    0.000    0.000    3.327    1.124
13    14    0.000    0.000    46.588    0.524
13    15    0.000    0.000    5.362    0.524
13    16    0.000    0.000    24.974    1.105
13    17    0.000    0.000    1.976    1.105
13    18    0.000    0.000    34.785    0.744
13    19    0.000    0.000    4.976    0.744
13    20    0.000    0.000    30.577    0.829
13    21    0.000    0.000    4.433    0.829
13    22    0.000    0.000    26.340    0.972
13    23    0.000    0.000    3.915    0.972
13    24    0.000    0.000    28.237    0.893
13    25    0.000    0.000    3.274    0.893
13    26    0.000    0.000    23.046    1.081
13    27    0.000    0.000    3.063    1.081
13    28    0.000    0.000    22.468    1.059
13    29    0.000    0.000    2.933    1.059
13    30    0.000    0.000    33.555    0.796
13    31    0.000    0.000    4.392    0.796
13    32    0.000    0.000    26.600    1.012
13    33    0.000    0.000    3.545    1.012
13    34    0.000    0.000    25.571    1.071
13    35    0.000    0.000    3.694    1.071
13    36    0.000    0.000    31.684    0.829
13    37    0.000    0.000    3.503    0.829
13    38    0.000    0.000    21.417    1.221
13    39    0.000    0.000    3.175    1.221
13    40    0.000    0.000    25.785    1.026
13    41    0.000    0.000    2.697    1.026
13    42    0.000    0.000    28.877    0.869
13    43    0.000    0.000    2.930    0.869
13    44    0.000    0.000    23.290    0.964
13    45    0.000    0.000    2.672    0.964
13    46    0.000    0.000    25.586    0.988
13    47    0.000    0.000    2.515    0.988
13    48    0.000    0.000    25.659    1.030
13    49    0.000    0.000    4.066    1.030
13    50    0.000    0.000    40.789    0.655
13    51    0.000    0.000    3.159    0.655
13    52    0.000    0.000    26.324    0.973
13    53    0.000    0.000    2.929    0.973
13    54    0.000    0.000    29.335    0.911
13    55    0.000    0.000    3.079    0.911
13    56    0.000    0.000    27.230    0.956
13    57    0.000    0.000    3.390    0.956
13    58    0.000    0.000    29.233    0.901
13    59    0.000    0.000    3.807    0.901
14    4    0.000    0.000    34.572    0.810
14    5    0.000    0.000    3.880    0.810
14    6    0.000    0.000    32.498    0.964
14    7    0.000    0.000    3.103    0.964
14    8    0.000    0.000    38.567    0.818
14    9    0.000    0.000    4.155    0.818
14    10    0.000    0.000    35.171    0.853
14    11    0.000    0.000    5.099    0.853
14    12    0.000    0.000    34.399    0.943
14    13    0.000    0.000    3.529    0.943
14    14    0.000    0.000    31.744    0.957
14    15    0.000    0.000    3.230    0.957
14    16    0.000    0.000    29.973    1.105
14    17    0.000    0.000    2.905    1.105
14    18    0.000    0.000    38.355    0.759
14    19    0.000    0.000    3.797    0.759
14    20    0.000    0.000    32.665    1.010
14    21    0.000    0.000    4.410    1.010
14    22    0.000    0.000    28.097    0.958
14    23    0.000    0.000    2.737    0.958
14    24    0.000    0.000    38.900    0.780
14    25    0.000    0.000    3.732    0.780
14    26    0.000    0.000    32.368    1.040
14    27    0.000    0.000    2.941    1.040
14    28    0.000    0.000    39.871    0.731
14    29    0.000    0.000    4.018    0.731
14    30    0.000    0.000    28.816    1.039
14    31    0.000    0.000    3.435    1.039
14    32    0.000    0.000    36.069    0.857
14    33    0.000    0.000    2.712    0.857
14    34    0.000    0.000    49.525    0.598
14    35    0.000    0.000    4.152    0.598
14    36    0.000    0.000    33.841    0.940
14    37    0.000    0.000    3.566    0.940
14    38    0.000    0.000    47.150    0.700
14    39    0.000    0.000    4.919    0.700
14    40    0.000    0.000    42.326    0.742
14    41    0.000    0.000    4.819    0.742
14    42    0.000    0.000    41.724    0.694
14    43    0.000    0.000    3.375    0.694
14    44    0.000    0.000    31.549    0.916
14    45    0.000    0.000    3.302    0.916
14    46    0.000    0.000    34.187    0.935
14    47    0.000    0.000    4.258    0.935
14    48    0.000    0.000    28.628    1.117
14    49    0.000    0.000    4.082    1.117
14    50    0.000    0.000    26.298    1.189
14    51    0.000    0.000    3.479    1.189
14    52    0.000    0.000    36.976    0.917
14    53    0.000    0.000    4.262    0.917
14    54    0.000    0.000    39.733    0.750
14    55    0.000    0.000    3.649    0.750
14    56    0.000    0.000    31.578    1.024
14    57    0.000    0.000    2.114    1.024
14    58    0.000    0.000    28.652    1.119
14    59    0.000    0.000    2.640    1.119
15    4    0.000    0.000    30.012    0.978
15    5    0.000    0.000    3.517    0.978
15    6    0.000    0.000    25.447    1.073
15    7    0.000    0.000    2.077    1.073
15    8    0.000    0.000    24.660    1.103
15    9    0.000    0.000    3.273    1.103
15    10    0.000    0.000    24.257    1.063
15    11    0.000    0.000    2.891    1.063
15    12    0.000    0.000    29.490    0.877
15    13    0.000    0.000    2.960    0.877
15    14    0.000    0.000    35.115    0.849
15    15    0.000    0.000    3.731    0.849
15    16    0.000    0.000    31.576    0.866
15    17    0.000    0.000    5.028    0.866
15    18    0.000    0.000    26.764    1.023
15    19    0.000    0.000    3.259    1.023
15    20    0.000    0.000    37.639    0.786
15    21    0.000    0.000    3.510    0.786
15    22    0.000    0.000    22.508    1.212
15    23    0.000    0.000    3.003    1.212
15    24    0.000    0.000    24.838    1.138
15    25    0.000    0.000    2.571    1.138
15    26    0.000    0.000    26.726    1.012
15    27    0.000    0.000    3.804    1.012
15    28    0.000    0.000    27.393    0.957
15    29    0.000    0.000    3.350    0.957
15    30    0.000    0.000    40.913    0.682
15    31    0.000    0.000    3.730    0.682
15    32    0.000    0.000    27.893    0.921
15    33    0.000    0.000    3.211    0.921
15    34    0.000    0.000    36.198    0.733
15    35    0.000    0.000    4.479    0.733
15    36    0.000    0.000    36.207    0.797
15    37    0.000    0.000    3.026    0.797
15    38    0.000    0.000    24.520    1.118
15    39    0.000    0.000    2.789    1.118
15    40    0.000    0.000    34.552    0.740
15    41    0.000    0.000    3.654    0.740
15    42    0.000    0.000    40.790    0.687
15    43    0.000    0.000    3.665    0.687
15    44    0.000    0.000    36.696    0.762
15    45    0.000    0.000    4.476    0.762
15    46    0.000    0.000    40.064    0.691
15    47    0.000    0.000    4.173    0.691
15    48    0.000    0.000    26.365    1.088
15    49    0.000    0.000    3.507    1.088
15    50    0.000    0.000    26.408    0.937
15    51    0.000    0.000    3.379    0.937
15    52    0.000    0.000    38.428    0.695
15    53    0.000    0.000    3.011    0.695
15    54    0.000    0.000    23.945    1.137
15    55    0.000    0.000    3.109    1.137
15    56    0.000    0.000    33.202    0.842
15    57    0.000    0.000    4.258    0.842
15    58    0.000    0.000    34.265    0.811
15    59    0.000    0.000    3.525    0.811
16    4    0.000    0.000    37.922    0.744
16    5    0.000    0.000    4.934    0.744
16    6    0.000    0.000    30.234    0.969
16    7    0.000    0.000    3.666    0.969
16    8    0.000    0.000    27.588    0.993
16    9    0.000    0.000    2.714    0.993
16    10    0.000    0.000    36.790    0.724
16    11    0.000    0.000    4.106    0.724
16    12    0.000    0.000    32.868    0.857
16    13    0.000    0.000    2.248    0.857
16    14    0.000    0.000    32.222    0.878
16    15    0.000    0.000    3.623    0.878
16    16    0.000    0.000    33.383    0.851
16    17    0.000    0.000    3.060    0.851
16    18    0.000    0.000    24.423    1.187
16    19    0.000    0.000    2.381    1.187
16    20    0.000    0.000    23.244    1.186
16    21    0.000    0.000    2.679    1.186
16    22    0.000    0.000    33.760    0.826
16    23    0.000    0.000    3.949    0.826
16    24    0.000    0.000    33.083    0.795
16    25    0.000    0.000    3.969    0.795
16    26    0.000    0.000    33.307    0.852
16    27    0.000    0.000    2.830    0.852
16    28    0.000    0.000    26.699    0.988
16    29    0.000    0.000    3.829    0.988
16    30    0.000    0.000    28.910    1.017
16    31    0.000    0.000    2.605    1.017
16    32    0.000    0.000    33.737    0.853
16    33    0.000    0.000    4.135    0.853
16    34    NaN    NaN    NaN    NaN
16    35    NaN    NaN    NaN    NaN
16    36    0.000    0.000    32.072    0.906
16    37    0.000    0.000    3.138    0.906
16    38    NaN    NaN    NaN    NaN
16    39    NaN    NaN    NaN    NaN
16    40    0.000    0.000    36.590    0.794
16    41    0.000    0.000    3.237    0.794
16    42    NaN    NaN    NaN    NaN
16    43    NaN    NaN    NaN    NaN
16    44    0.000    0.000    36.413    0.839
16    45    0.000    0.000    3.442    0.839
16    46    NaN    NaN    NaN    NaN
16    47    NaN    NaN    NaN    NaN
16    48    0.000    0.000    33.877    0.850
16    49    0.000    0.000    3.484    0.850
16    50    NaN    NaN    NaN    NaN
16    51    NaN    NaN    NaN    NaN
16    52    0.000    0.000    40.997    0.787
16    53    0.000    0.000    3.309    0.787
16    54    NaN    NaN    NaN    NaN
16    55    NaN    NaN    NaN    NaN
16    56    0.000    0.000    40.334    0.777
16    57    0.000    0.000    4.102    0.777
16    58    NaN    NaN    NaN    NaN
16    59    NaN    NaN    NaN    NaN
17    4    NaN    NaN    NaN    NaN
17    5    NaN    NaN    NaN    NaN
17    6    0.000    0.000    31.855    0.860
17    7    0.000    0.000    2.945    0.860
17    8    NaN    NaN    NaN    NaN
17    9    NaN    NaN    NaN    NaN
17    10    0.000    0.000    32.190    0.900
17    11    0.000    0.000    3.316    0.900
17    12    NaN    NaN    NaN    NaN
17    13    NaN    NaN    NaN    NaN
17    14    0.000    0.000    33.096    0.818
17    15    0.000    0.000    3.001    0.818
17    16    NaN    NaN    NaN    NaN
17    17    NaN    NaN    NaN    NaN
17    18    0.000    0.000    34.670    0.768
17    19    0.000    0.000    4.214    0.768
17    20    NaN    NaN    34.696    0.784
17    21    NaN    NaN    3.607    0.784
17    22    0.000    0.000    34.195    0.856
17    23    0.000    0.000    3.296    0.856
17    24    NaN    NaN    36.047    0.743
17    25    NaN    NaN    3.881    0.743
17    26    0.000    0.000    35.950    0.763
17    27    0.000    0.000    3.013    0.763
17    28    NaN    NaN    39.364    0.710
17    29    NaN    NaN    4.005    0.710
17    30    0.000    0.000    43.618    0.619
17    31    0.000    0.000    3.653    0.619
17    32    0.000    0.000    29.151    0.873
17    33    0.000    0.000    2.603    0.873
17    34    0.000    0.000    33.087    0.813
17    35    0.000    0.000    3.444    0.813
17    36    0.000    0.000    30.259    0.950
17    37    0.000    0.000    2.891    0.950
17    38    0.000    0.000    37.565    0.737
17    39    0.000    0.000    3.719    0.737
17    40    0.000    0.000    26.874    1.005
17    41    0.000    0.000    2.738    1.005
17    42    0.000    0.000    25.567    1.026
17    43    0.000    0.000    2.724    1.026
17    44    0.000    0.000    36.428    0.793
17    45    0.000    0.000    3.226    0.793
17    46    0.000    0.000    27.650    1.017
17    47    0.000    0.000    2.753    1.017
17    48    0.000    0.000    37.881    0.776
17    49    0.000    0.000    3.555    0.776
17    50    0.000    0.000    NaN    NaN
17    51    0.000    0.000    NaN    NaN
17    52    0.000    0.000    25.961    1.118
17    53    0.000    0.000    4.438    1.118
17    54    0.000    0.000    39.016    0.748
17    55    0.000    0.000    4.286    0.748
17    56    0.000    0.000    NaN    NaN
17    57    0.000    0.000    NaN    NaN
17    58    0.000    0.000    NaN    NaN
17    59    0.000    0.000    NaN    NaN
18    4    NaN    NaN    NaN    NaN
18    5    NaN    NaN    NaN    NaN
18    6    0.000    0.000    34.995    0.932
18    7    0.000    0.000    3.351    0.932
18    8    NaN    NaN    NaN    NaN
18    9    NaN    NaN    NaN    NaN
18    10    0.000    0.000    46.011    0.624
18    11    0.000    0.000    5.281    0.624
18    12    NaN    NaN    NaN    NaN
18    13    NaN    NaN    NaN    NaN
18    14    0.000    0.000    43.746    0.699
18    15    0.000    0.000    4.456    0.699
18    16    NaN    NaN    NaN    NaN
18    17    NaN    NaN    NaN    NaN
18    18    0.000    0.000    39.192    0.740
18    19    0.000    0.000    4.456    0.740
18    20    NaN    NaN    NaN    NaN
18    21    NaN    NaN    NaN    NaN
18    22    0.000    0.000    40.364    0.830
18    23    0.000    0.000    3.382    0.830
18    24    NaN    NaN    NaN    NaN
18    25    NaN    NaN    NaN    NaN
18    26    0.000    0.000    46.649    0.639
18    27    0.000    0.000    3.732    0.639
18    28    NaN    NaN    NaN    NaN
18    29    NaN    NaN    NaN    NaN
18    30    0.000    0.000    38.576    0.833
18    31    0.000    0.000    4.046    0.833
18    32    0.000    0.000    37.412    0.833
18    33    0.000    0.000    3.229    0.833
18    34    0.000    0.000    31.959    0.950
18    35    0.000    0.000    3.557    0.950
18    36    0.000    0.000    35.640    0.907
18    37    0.000    0.000    3.873    0.907
18    38    0.000    0.000    31.632    1.043
18    39    0.000    0.000    2.586    1.043
18    40    0.000    0.000    50.586    0.610
18    41    0.000    0.000    3.669    0.610
18    42    0.000    0.000    44.077    0.673
18    43    0.000    0.000    4.366    0.673
18    44    0.000    0.000    45.243    0.683
18    45    0.000    0.000    4.961    0.683
18    46    0.000    0.000    30.492    1.032
18    47    0.000    0.000    2.273    1.032
18    48    0.000    0.000    39.831    0.848
18    49    0.000    0.000    4.217    0.848
18    50    0.000    0.000    27.051    1.165
18    51    0.000    0.000    2.524    1.165
18    52    0.000    0.000    39.673    0.784
18    53    0.000    0.000    3.831    0.784
18    54    0.000    0.000    39.859    0.802
18    55    0.000    0.000    2.703    0.802
18    56    0.000    0.000    37.895    0.895
18    57    0.000    0.000    3.103    0.895
18    58    0.000    0.000    44.577    0.678
18    59    0.000    0.000    3.516    0.678
19    4    0.000    0.000    33.614    0.698
19    5    0.000    0.000    5.431    0.698
19    6    0.000    0.000    25.008    1.106
19    7    0.000    0.000    2.743    1.106
19    8    0.000    0.000    36.615    0.706
19    9    0.000    0.000    5.017    0.706
19    10    0.000    0.000    23.385    1.095
19    11    0.000    0.000    2.893    1.095
19    12    0.000    0.000    31.473    0.713
19    13    0.000    0.000    4.572    0.713
19    14    0.000    0.000    23.910    0.997
19    15    0.000    0.000    2.294    0.997
19    16    0.000    0.000    29.886    0.803
19    17    0.000    0.000    5.164    0.803
19    18    0.000    0.000    24.232    0.985
19    19    0.000    0.000    2.127    0.985
19    20    0.000    0.000    32.879    0.733
19    21    0.000    0.000    4.183    0.733
19    22    0.000    0.000    21.078    1.216
19    23    0.000    0.000    2.204    1.216
19    24    0.000    0.000    40.346    0.590
19    25    0.000    0.000    5.856    0.590
19    26    0.000    0.000    21.181    1.099
19    27    0.000    0.000    2.137    1.099
19    28    0.000    0.000    32.837    0.706
19    29    0.000    0.000    4.650    0.706
19    30    0.000    0.000    20.321    1.120
19    31    0.000    0.000    3.011    1.120
19    32    0.000    0.000    26.221    0.897
19    33    0.000    0.000    2.363    0.897
19    34    NaN    NaN    NaN    NaN
19    35    NaN    NaN    NaN    NaN
19    36    0.000    0.000    21.742    1.168
19    37    0.000    0.000    3.573    1.168
19    38    NaN    NaN    NaN    NaN
19    39    NaN    NaN    NaN    NaN
19    40    0.000    0.000    22.701    1.115
19    41    0.000    0.000    3.021    1.115
19    42    NaN    NaN    NaN    NaN
19    43    NaN    NaN    NaN    NaN
19    44    0.000    0.000    25.097    1.006
19    45    0.000    0.000    2.261    1.006
19    46    NaN    NaN    NaN    NaN
19    47    NaN    NaN    NaN    NaN
19    48    0.000    0.000    25.489    0.927
19    49    0.000    0.000    3.363    0.927
19    50    NaN    NaN    NaN    NaN
19    51    NaN    NaN    NaN    NaN
19    52    0.000    0.000    22.718    1.130
19    53    0.000    0.000    3.072    1.130
19    54    NaN    NaN    NaN    NaN
19    55    NaN    NaN    NaN    NaN
19    56    0.000    0.000    24.213    0.997
19    57    0.000    0.000    2.627    0.997
19    58    NaN    NaN    NaN    NaN
19    59    NaN    NaN    NaN    NaN
20    4    0.000    0.000    23.384    1.147
20    5    0.000    0.000    2.332    1.147
20    6    NaN    NaN    NaN    NaN
20    7    NaN    NaN    NaN    NaN
20    8    0.000    0.000    24.246    1.104
20    9    0.000    0.000    2.580    1.104
20    10    NaN    NaN    NaN    NaN
20    11    NaN    NaN    NaN    NaN
20    12    0.000    0.000    26.383    1.085
20    13    0.000    0.000    2.995    1.085
20    14    NaN    NaN    NaN    NaN
20    15    NaN    NaN    NaN    NaN
20    16    0.000    0.000    23.677    1.157
20    17    0.000    0.000    2.561    1.157
20    18    NaN    NaN    NaN    NaN
20    19    NaN    NaN    NaN    NaN
20    20    0.000    0.000    22.347    1.230
20    21    0.000    0.000    2.911    1.230
20    22    NaN    NaN    NaN    NaN
20    23    NaN    NaN    NaN    NaN
20    24    0.000    0.000    27.358    1.058
20    25    0.000    0.000    3.337    1.058
20    26    NaN    NaN    NaN    NaN
20    27    NaN    NaN    NaN    NaN
20    28    0.000    0.000    22.801    1.164
20    29    0.000    0.000    3.242    1.164
20    30    NaN    NaN    NaN    NaN
20    31    NaN    NaN    NaN    NaN
20    32    0.000    0.000    32.256    1.076
20    33    0.000    0.000    4.203    1.076
20    34    0.000    0.000    23.343    1.189
20    35    0.000    0.000    1.906    1.189
20    36    0.000    0.000    24.371    1.230
20    37    0.000    0.000    2.200    1.230
20    38    0.000    0.000    24.795    1.184
20    39    0.000    0.000    2.099    1.184
20    40    0.000    0.000    28.813    0.960
20    41    0.000    0.000    2.625    0.960
20    42    0.000    0.000    27.960    1.034
20    43    0.000    0.000    2.145    1.034
20    44    0.000    0.000    26.620    1.123
20    45    0.000    0.000    2.576    1.123
20    46    0.000    0.000    28.188    1.045
20    47    0.000    0.000    2.168    1.045
20    48    0.000    0.000    26.275    1.072
20    49    0.000    0.000    2.265    1.072
20    50    0.000    0.000    25.916    1.080
20    51    0.000    0.000    2.377    1.080
20    52    0.000    0.000    22.599    1.297
20    53    0.000    0.000    2.056    1.297
20    54    0.000    0.000    24.027    1.149
20    55    0.000    0.000    2.097    1.149
20    56    0.000    0.000    26.883    1.079
20    57    0.000    0.000    2.115    1.079
20    58    0.000    0.000    22.113    1.199
20    59    0.000    0.000    2.356    1.199
21    4    NaN    NaN    NaN    NaN
21    5    NaN    NaN    NaN    NaN
21    6    0.000    0.000    33.878    0.929
21    7    0.000    0.000    2.514    0.929
21    8    NaN    NaN    NaN    NaN
21    9    NaN    NaN    NaN    NaN
21    10    0.000    0.000    30.659    0.973
21    11    0.000    0.000    2.622    0.973
21    12    NaN    NaN    NaN    NaN
21    13    NaN    NaN    NaN    NaN
21    14    0.000    0.000    29.010    1.023
21    15    0.000    0.000    3.034    1.023
21    16    NaN    NaN    NaN    NaN
21    17    NaN    NaN    NaN    NaN
21    18    0.000    0.000    31.814    1.049
21    19    0.000    0.000    3.088    1.049
21    20    NaN    NaN    NaN    NaN
21    21    NaN    NaN    NaN    NaN
21    22    0.000    0.000    29.730    1.062
21    23    0.000    0.000    2.725    1.062
21    24    NaN    NaN    NaN    NaN
21    25    NaN    NaN    NaN    NaN
21    26    0.000    0.000    35.232    0.866
21    27    0.000    0.000    3.603    0.866
21    28    NaN    NaN    NaN    NaN
21    29    NaN    NaN    NaN    NaN
21    30    0.000    0.000    27.093    1.219
21    31    0.000    0.000    3.705    1.219
21    32    0.000    0.000    30.200    1.022
21    33    0.000    0.000    2.305    1.022
21    34    0.000    0.000    35.748    0.897
21    35    0.000    0.000    3.996    0.897
21    36    0.000    0.000    27.590    1.106
21    37    0.000    0.000    2.376    1.106
21    38    0.000    0.000    30.522    1.001
21    39    0.000    0.000    2.918    1.001
21    40    0.000    0.000    26.204    1.170
21    41    0.000    0.000    2.936    1.170
21    42    0.000    0.000    26.033    1.275
21    43    0.000    0.000    2.600    1.275
21    44    0.000    0.000    27.446    1.055
21    45    0.000    0.000    2.605    1.055
21    46    0.000    0.000    40.947    0.765
21    47    0.000    0.000    3.850    0.765
21    48    0.000    0.000    30.890    1.072
21    49    0.000    0.000    3.694    1.072
21    50    0.000    0.000    29.865    1.082
21    51    0.000    0.000    3.483    1.082
21    52    0.000    0.000    30.458    1.113
21    53    0.000    0.000    3.590    1.113
21    54    0.000    0.000    33.016    1.004
21    55    0.000    0.000    2.788    1.004
21    56    0.000    0.000    30.163    1.122
21    57    0.000    0.000    3.192    1.122
21    58    0.000    0.000    41.957    0.704
21    59    0.000    0.000    3.719    0.704
22    4    NaN    NaN    NaN    NaN
22    5    NaN    NaN    NaN    NaN
22    6    0.000    0.000    24.288    1.208
22    7    0.000    0.000    2.651    1.208
22    8    NaN    NaN    NaN    NaN
22    9    NaN    NaN    NaN    NaN
22    10    0.000    0.000    29.211    1.070
22    11    0.000    0.000    2.566    1.070
22    12    NaN    NaN    NaN    NaN
22    13    NaN    NaN    NaN    NaN
22    14    0.000    0.000    27.755    1.091
22    15    0.000    0.000    3.501    1.091
22    16    NaN    NaN    NaN    NaN
22    17    NaN    NaN    NaN    NaN
22    18    0.000    0.000    30.147    1.116
22    19    0.000    0.000    3.124    1.116
22    20    NaN    NaN    NaN    NaN
22    21    NaN    NaN    NaN    NaN
22    22    0.000    0.000    30.789    1.048
22    23    0.000    0.000    2.454    1.048
22    24    NaN    NaN    NaN    NaN
22    25    NaN    NaN    NaN    NaN
22    26    0.000    0.000    25.978    1.283
22    27    0.000    0.000    2.735    1.283
22    28    NaN    NaN    NaN    NaN
22    29    NaN    NaN    NaN    NaN
22    30    0.000    0.000    27.394    1.167
22    31    0.000    0.000    2.874    1.167
22    32    NaN    NaN    NaN    NaN
22    33    NaN    NaN    NaN    NaN
22    34    0.000    0.000    24.583    1.330
22    35    0.000    0.000    3.185    1.330
22    36    NaN    NaN    NaN    NaN
22    37    NaN    NaN    NaN    NaN
22    38    0.000    0.000    24.980    1.170
22    39    0.000    0.000    3.023    1.170
22    40    NaN    NaN    NaN    NaN
22    41    NaN    NaN    NaN    NaN
22    42    0.000    0.000    28.122    1.073
22    43    0.000    0.000    2.134    1.073
22    44    NaN    NaN    NaN    NaN
22    45    NaN    NaN    NaN    NaN
22    46    0.000    0.000    38.016    0.871
22    47    0.000    0.000    2.686    0.871
22    48    NaN    NaN    NaN    NaN
22    49    NaN    NaN    NaN    NaN
22    50    0.000    0.000    31.960    1.085
22    51    0.000    0.000    3.395    1.085
22    52    NaN    NaN    NaN    NaN
22    53    NaN    NaN    NaN    NaN
22    54    0.000    0.000    31.564    1.026
22    55    0.000    0.000    4.003    1.026
22    56    NaN    NaN    NaN    NaN
22    57    NaN    NaN    NaN    NaN
22    58    0.000    0.000    32.350    0.954
22    59    0.000    0.000    2.973    0.954
